     0/299     16.8G   0.03513   0.01726         0   0.05239        15      1280    0.3581    0.3308     0.209   0.04487    0.0381  0.008508         0
     1/299     19.2G   0.02837   0.01516         0   0.04353        26      1280    0.3629    0.2769    0.1645    0.0398   0.03917   0.01015         0
     2/299     19.2G   0.02722   0.01477         0   0.04199        11      1280    0.3998    0.2769    0.2171   0.04745   0.03752   0.01106         0
     3/299     17.5G   0.04417  0.005776         0   0.04994        25      1280    0.6152    0.2961    0.2666   0.05739   0.03624  0.009733         0
     4/299     19.2G   0.04347  0.007546         0   0.05102         9      1280    0.5925    0.2962    0.2612   0.05537   0.03622  0.009738         0
     5/299     19.2G   0.03633  0.005403         0   0.04174         3      1280     0.516    0.2963    0.2522   0.05397   0.03622  0.009743         0
     6/299     19.2G   0.04204  0.006275         0   0.04831         8      1280    0.5159    0.2963    0.2493   0.05279   0.03623  0.009748         0
     7/299     19.2G   0.04019  0.007229         0   0.04742         8      1280    0.5159    0.2963    0.2471    0.0522   0.03623  0.009756         0
     8/299     19.2G   0.04121  0.006818         0   0.04803        15      1280    0.4838    0.2778    0.2152    0.0493   0.03624  0.009761         0
     9/299     19.2G   0.04474  0.007374         0   0.05212        19      1280    0.4516    0.2593    0.1914   0.04736   0.03625  0.009761         0
    10/299     19.2G   0.04049  0.006911         0   0.04741         3      1280    0.4367    0.2593    0.1881   0.04722   0.03626  0.009755         0
    11/299     19.2G   0.03885  0.006526         0   0.04537         6      1280    0.4216    0.2593    0.1916   0.04856   0.03627  0.009744         0
    12/299     19.2G   0.04642  0.005394         0   0.05181         4      1280     0.424    0.2593    0.1893   0.04446   0.03628  0.009724         0
    13/299     19.2G   0.03897   0.00793         0    0.0469        10      1280    0.4117    0.2593    0.1888    0.0447   0.03628  0.009711         0
    14/299     19.2G   0.03691  0.006739         0   0.04365        14      1280    0.4117    0.2593    0.1889   0.04481   0.03628  0.009701         0
    15/299     19.2G   0.04163  0.005928         0   0.04756         5      1280    0.4242    0.2593    0.1895   0.04487   0.03627  0.009686         0
    16/299     19.2G   0.04226  0.005712         0   0.04797        13      1280    0.4545    0.2778     0.215   0.05126   0.03627  0.009667         0
    17/299     19.2G   0.03398  0.006741         0   0.04072        13      1280    0.4542    0.2778    0.2168   0.05167   0.03627  0.009652         0
    18/299     19.2G   0.03749  0.005649         0   0.04314         4      1280    0.4408    0.2778     0.215   0.05132   0.03626  0.009629         0
    19/299     19.2G   0.04043  0.006543         0   0.04698         5      1280    0.4285    0.2777    0.2163   0.05186   0.03625  0.009599         0
    20/299     19.2G   0.03682  0.005259         0   0.04208         8      1280    0.4117    0.2592    0.1947   0.05073   0.03624   0.00958         0
    21/299     19.2G   0.03721   0.00479         0     0.042         6      1280    0.4114    0.2593    0.2025   0.05276   0.03624  0.009554         0
    22/299     19.2G   0.03064  0.006142         0   0.03678        32      1280    0.4115    0.2593    0.2036   0.05329   0.03623   0.00953         0
    23/299     19.2G   0.03449  0.004453         0   0.03894        26      1280    0.4411    0.2777    0.2202   0.05716   0.03622  0.009504         0
    24/299     19.2G   0.03939  0.005669         0   0.04506         5      1280    0.4544    0.2777    0.2209   0.05736    0.0362  0.009478         0
    25/299     19.2G   0.03552  0.004614         0   0.04013        24      1280    0.4404    0.2778    0.2206   0.05739   0.03619  0.009453         0
    26/299     19.2G   0.03068  0.005644         0   0.03632         2      1280    0.4564    0.2963    0.2482   0.05836   0.03618  0.009427         0
    27/299     19.2G   0.03048    0.0038         0   0.03428         6      1280    0.4562    0.2963    0.2486   0.05878   0.03617  0.009402         0
    28/299     19.2G   0.03769  0.005289         0   0.04298         9      1280     0.444    0.2963     0.249   0.05915   0.03615  0.009372         0
    29/299     19.2G    0.0361   0.00536         0   0.04146        11      1280    0.4145    0.3148    0.2503   0.05952   0.03613  0.009347         0
    30/299     19.2G     0.033   0.00604         0   0.03904        24      1280    0.4141    0.3148    0.2507   0.05981   0.03611  0.009317         0
    31/299     19.2G   0.03233  0.004882         0   0.03721         9      1280    0.4141    0.3148    0.2517   0.06059   0.03608  0.009288         0
    32/299     19.2G   0.03754  0.004839         0   0.04238         5      1280    0.5134    0.2778    0.2539     0.061   0.03607  0.009276         0
    33/299     19.2G   0.03557  0.005481         0   0.04106         2      1280    0.4146    0.3147    0.2543   0.06242   0.03604  0.009244         0
    34/299     19.2G   0.03097  0.002883         0   0.03385         5      1280    0.3651    0.3519     0.255   0.06253   0.03602  0.009234         0
    35/299     19.2G   0.03225  0.004111         0   0.03636        26      1280     0.517    0.2775    0.2568   0.06309   0.03598  0.009201         0
    36/299     19.2G   0.03487  0.004943         0   0.03981        27      1280     0.516    0.2778    0.2562    0.0623   0.03594  0.009172         0
    37/299     19.2G   0.03464  0.004085         0   0.03872        10      1280    0.5163    0.2778    0.2562   0.06231   0.03593  0.009158         0
    38/299     19.2G   0.02825   0.00474         0   0.03299         7      1280    0.4571    0.2962    0.2555     0.062   0.03591  0.009146         0
    39/299     19.2G   0.03322  0.004849         0   0.03807        15      1280    0.4442    0.2963     0.255   0.06187   0.03588  0.009114         0
    40/299     19.2G   0.03546  0.006185         0   0.04165        10      1280    0.4444    0.2963    0.2553   0.06193   0.03587  0.009102         0
    41/299     19.2G   0.03103  0.005204         0   0.03624        13      1280    0.4285    0.2778    0.2431   0.06092   0.03585  0.009091         0
    42/299     19.2G    0.0338  0.005543         0   0.03935        14      1280    0.3695    0.3148    0.2486   0.06297   0.03581  0.009058         0
    43/299     19.2G   0.03197  0.005302         0   0.03727        16      1280    0.3776    0.3146    0.2488   0.06254    0.0358  0.009044         0
    44/299     19.2G   0.03565  0.005005         0   0.04065        10      1280    0.3862    0.3146    0.2479   0.06252   0.03579  0.009029         0
    45/299     19.2G   0.02894  0.004199         0   0.03314         1      1280    0.3863    0.3147    0.2482   0.06278   0.03575  0.008995         0
    46/299     19.2G   0.02963  0.004839         0   0.03447         5      1280    0.3858    0.3148     0.248   0.06275   0.03573   0.00898         0
    47/299     19.2G   0.02996  0.005298         0   0.03526         9      1280    0.3857    0.3148    0.2483   0.06277   0.03571  0.008964         0
    48/299     19.2G   0.03228   0.00557         0   0.03785        18      1280    0.3953    0.3147    0.2494   0.06317   0.03569  0.008949         0
    49/299     19.2G   0.03152  0.004316         0   0.03584         7      1280    0.3953    0.3148    0.2534   0.06447   0.03564  0.008915         0
    50/299     19.2G   0.03022  0.004831         0   0.03506         4      1280    0.3952    0.3148    0.2535   0.06587   0.03563  0.008901         0
    51/299     19.2G   0.02926  0.004745         0     0.034         8      1280    0.3953    0.3148    0.2539   0.06589   0.03561  0.008885         0
    52/299     19.2G    0.0322  0.005009         0   0.03721        10      1280    0.4743    0.2778    0.2545   0.06761    0.0356   0.00887         0
    53/299     19.2G   0.03403  0.004786         0   0.03882         9      1280    0.3949    0.3148    0.2545    0.0676   0.03557  0.008858         0
    54/299     19.2G   0.02658  0.003808         0   0.03038         9      1280    0.3949    0.3148    0.2545    0.0676   0.03557  0.008858         0
    55/299     19.2G    0.0319  0.004115         0   0.03601        22      1280    0.4036    0.3133    0.2543   0.06745   0.03556  0.008843         0
    56/299     19.2G    0.0286  0.004865         0   0.03346         8      1280    0.4044    0.3144    0.2546   0.06749   0.03554   0.00883         0
    57/299     19.2G   0.02966  0.004114         0   0.03378        12      1280     0.411    0.3148    0.2569   0.06824   0.03552  0.008817         0
    58/299     19.2G   0.03021  0.003559         0   0.03377        15      1280    0.4138    0.3148     0.258   0.06847    0.0355  0.008803         0
    59/299     19.2G   0.02626  0.004201         0   0.03046        15      1280    0.4141    0.3148    0.2581   0.06836   0.03549  0.008789         0
    60/299     19.2G   0.02971   0.00585         0   0.03556         2      1280    0.4146    0.3148    0.2613   0.07192   0.03547  0.008777         0
    61/299     19.2G   0.03003  0.006452         0   0.03648         8      1280     0.414    0.3148      0.26   0.07345   0.03545  0.008765         0
    62/299     19.2G    0.0297  0.004556         0   0.03425         2      1280    0.5805    0.2593    0.2579   0.07054   0.03544  0.008753         0
    63/299     19.2G   0.03179  0.003594         0   0.03539         8      1280    0.5827    0.2593    0.2606   0.07481   0.03543   0.00874         0
    64/299     19.2G   0.02913  0.004158         0   0.03329        10      1280    0.5831    0.2593    0.2605   0.07478   0.03541  0.008728         0
    65/299     19.2G   0.03546  0.004674         0   0.04014        10      1280     0.583    0.2593    0.2559   0.07039    0.0354  0.008717         0
    66/299     19.2G   0.02702  0.004798         0   0.03181        16      1280     0.583    0.2593    0.2585   0.07468   0.03539  0.008706         0
    67/299     19.2G   0.03172  0.005758         0   0.03748        17      1280    0.5833    0.2593    0.2596   0.07512   0.03537  0.008693         0
    68/299     19.2G    0.0273  0.005813         0   0.03311        12      1280    0.5827    0.2593    0.2573   0.07143   0.03535  0.008681         0
    69/299     19.2G    0.0292  0.005349         0   0.03455         8      1280    0.4246    0.3143    0.2593   0.07608   0.03534  0.008668         0
    70/299     19.2G   0.02942  0.006496         0   0.03592        11      1280    0.4246    0.3143    0.2593   0.07608   0.03534  0.008668         0
    71/299     19.2G   0.02889  0.005488         0   0.03438         4      1280    0.4238    0.3133    0.2548   0.07061   0.03532  0.008655         0
    72/299     19.2G   0.02821  0.003675         0   0.03189        10      1280     0.424    0.3148    0.2525   0.07068   0.03531  0.008642         0
    73/299     19.2G   0.03015  0.005928         0   0.03608        25      1280    0.4228    0.3148    0.2541   0.07087   0.03529   0.00863         0
    74/299     19.2G   0.02905  0.003705         0   0.03275        10      1280    0.4228    0.3148    0.2541   0.07087   0.03529   0.00863         0
    75/299     19.2G   0.03473  0.005939         0   0.04067        12      1280    0.5356    0.2776    0.2533   0.07086   0.03528  0.008616         0
    76/299     19.2G   0.03057  0.005273         0   0.03584         9      1280    0.4247    0.3144    0.2574   0.07197   0.03526  0.008605         0
    77/299     19.2G   0.02689   0.00388         0   0.03077         5      1280    0.4241    0.3148    0.2521   0.07149   0.03524  0.008592         0
    78/299     19.2G   0.03309  0.004958         0   0.03804         3      1280    0.4247    0.3148    0.2614    0.0729   0.03522  0.008579         0
    79/299     19.2G    0.0248  0.004441         0   0.02924         8      1280    0.4245    0.3148    0.2636   0.07345    0.0352  0.008568         0
    80/299     19.2G   0.02986  0.005576         0   0.03544         5      1280    0.4245    0.3148    0.2636   0.07345    0.0352  0.008568         0
    81/299     19.2G   0.02809  0.004643         0   0.03274         8      1280     0.424    0.3148    0.2584   0.07163   0.03518  0.008555         0
    82/299     19.2G   0.02416  0.003495         0   0.02766        12      1280    0.5155    0.2778    0.2592   0.07076   0.03516  0.008543         0
    83/299     19.2G   0.02825  0.005734         0   0.03398        14      1280    0.4349    0.3148    0.2593   0.07055   0.03514  0.008531         0
    84/299     19.2G    0.0275  0.005605         0   0.03311        10      1280    0.4349    0.3148    0.2593   0.07055   0.03514  0.008531         0
    85/299     19.2G   0.02798  0.004881         0   0.03286         8      1280    0.5353    0.2773     0.261   0.06908   0.03512  0.008518         0
    86/299     19.2G   0.02641   0.00469         0    0.0311         4      1280    0.4356    0.3148    0.2602   0.06874    0.0351  0.008506         0
    87/299     19.2G   0.02478  0.003824         0   0.02861         9      1280    0.4356    0.3148    0.2602   0.06874    0.0351  0.008506         0
    88/299     19.2G   0.02603  0.004556         0   0.03059        11      1280    0.4469    0.3148    0.2625   0.06932   0.03509  0.008494         0
    89/299     19.2G   0.02458  0.003994         0   0.02857        36      1280    0.4469    0.3148    0.2625   0.06932   0.03509  0.008494         0
    90/299     19.2G   0.02314   0.00499         0   0.02813        23      1280    0.3957    0.3516    0.2627    0.0686   0.03507  0.008481         0
    91/299     19.2G   0.02569  0.004324         0   0.03002         5      1280    0.3956    0.3519     0.263    0.0687   0.03505   0.00847         0
    92/299     19.2G   0.02552   0.00443         0   0.02995        11      1280    0.3956    0.3519     0.263    0.0687   0.03505   0.00847         0
    93/299     19.2G   0.02675  0.003173         0   0.02992         3      1280    0.3678    0.3889    0.2708   0.07021   0.03503  0.008458         0
    94/299     19.2G   0.02321  0.005166         0   0.02838         6      1280    0.3667    0.3889    0.2699   0.07041   0.03502  0.008447         0
    95/299     19.2G    0.0285  0.004741         0   0.03324        11      1280    0.3734    0.3863    0.2665   0.06904     0.035  0.008435         0
    96/299     19.2G   0.02833  0.004358         0   0.03269         9      1280    0.3734    0.3863    0.2665   0.06904     0.035  0.008435         0
    97/299     19.2G   0.02747  0.004527         0   0.03199        17      1280    0.3727    0.3889    0.2666   0.06817   0.03499  0.008423         0
    98/299     19.2G    0.0197  0.004864         0   0.02457        26      1280    0.3727    0.3889    0.2666   0.06817   0.03499  0.008423         0
    99/299     19.2G   0.02898  0.004559         0   0.03354        11      1280    0.3788    0.3841    0.2674   0.06913   0.03498  0.008411         0
   100/299     19.2G   0.02631  0.005025         0   0.03134         6      1280    0.3791    0.3889    0.2674   0.06847   0.03496    0.0084         0
   101/299     19.2G   0.02812  0.004001         0   0.03212         3      1280    0.3791    0.3889    0.2674   0.06847   0.03496    0.0084         0
   102/299     19.2G     0.024  0.004391         0    0.0284         6      1280    0.3814    0.3889    0.2668   0.06854   0.03494  0.008389         0
   103/299     19.2G   0.02805  0.005762         0   0.03382        12      1280    0.3814    0.3889    0.2668   0.06854   0.03494  0.008389         0
   104/299     19.2G    0.0252  0.003955         0   0.02915         5      1280    0.3797    0.3889    0.2665   0.06889   0.03492  0.008377         0
   105/299     19.2G     0.029  0.004905         0    0.0339         7      1280    0.3749    0.3887    0.2683   0.06902   0.03491  0.008366         0
   106/299     19.2G   0.02921  0.004596         0   0.03381         4      1280    0.4498     0.333    0.2658   0.06783   0.03489  0.008354         0
   107/299     19.2G   0.02624  0.003871         0   0.03011         4      1280    0.4498     0.333    0.2658   0.06783   0.03489  0.008354         0
   108/299     19.2G   0.02152  0.004955         0   0.02647        13      1280    0.4495    0.3326    0.2662   0.06798   0.03488  0.008344         0
   109/299     19.2G   0.02543  0.005591         0   0.03102         7      1280    0.4495    0.3326    0.2662   0.06798   0.03488  0.008344         0
   110/299     19.2G   0.02412  0.003906         0   0.02802         9      1280    0.4297    0.3519    0.2662    0.0687   0.03487  0.008331         0
   111/299     19.2G   0.02574  0.004709         0   0.03045         8      1280    0.4297    0.3519    0.2662    0.0687   0.03487  0.008331         0
   112/299     19.2G   0.02786  0.007166         0   0.03503        28      1280    0.4311    0.3519    0.2664   0.06892   0.03486  0.008318         0
   113/299     19.2G   0.02647  0.004522         0   0.03099        12      1280    0.4311    0.3519    0.2664   0.06892   0.03486  0.008318         0
   114/299     19.2G   0.02526  0.005462         0   0.03072        10      1280    0.4394    0.3519    0.2671   0.06981   0.03484  0.008307         0
   115/299     19.2G   0.02691  0.005624         0   0.03253         7      1280    0.4394    0.3519    0.2671   0.06981   0.03484  0.008307         0
   116/299     19.2G   0.02499  0.004499         0   0.02949         5      1280    0.4651    0.3703    0.3078   0.07397   0.03483  0.008296         0
   117/299     19.2G   0.02313  0.003578         0   0.02671        21      1280    0.4651    0.3703    0.3078   0.07397   0.03483  0.008296         0
   118/299     19.2G   0.02473  0.004481         0   0.02921        18      1280    0.4998    0.3886    0.3239    0.0751   0.03481  0.008287         0
   119/299     19.2G   0.02311   0.00426         0   0.02737         9      1280    0.4998    0.3886    0.3239    0.0751   0.03481  0.008287         0
   120/299     19.2G   0.02889  0.004432         0   0.03333         7      1280    0.4995    0.3881    0.3254   0.07717    0.0348  0.008278         0
   121/299     19.2G   0.02765  0.006105         0   0.03375        15      1280    0.4995    0.3881    0.3254   0.07717    0.0348  0.008278         0
   122/299     19.2G   0.02439  0.005541         0   0.02993         9      1280    0.4989    0.3889    0.3264   0.07726   0.03479  0.008267         0
   123/299     19.2G   0.02437  0.003484         0   0.02786         0      1280    0.4989    0.3889    0.3264   0.07726   0.03479  0.008267         0
   124/299     19.2G   0.02509  0.004547         0   0.02964         7      1280    0.4996    0.3889    0.3293   0.07795   0.03478  0.008259         0
   125/299     19.2G   0.02688  0.004732         0   0.03161        18      1280    0.4996    0.3889    0.3293   0.07795   0.03478  0.008259         0
   126/299     19.2G   0.02621  0.004427         0   0.03064        21      1280    0.4992    0.3889    0.3313   0.07629   0.03477   0.00825         0
   127/299     19.2G   0.02768  0.003358         0   0.03103         8      1280    0.4992    0.3889    0.3313   0.07629   0.03477   0.00825         0
   128/299     19.2G   0.02777  0.004141         0   0.03191        11      1280    0.4989    0.3889    0.3326   0.07669   0.03475  0.008242         0
   129/299     19.2G   0.02898  0.005435         0   0.03441        10      1280    0.4989    0.3889    0.3326   0.07669   0.03475  0.008242         0
   130/299     19.2G   0.02524  0.004144         0   0.02939         9      1280    0.5202    0.3889    0.3345     0.077   0.03473  0.008235         0
   131/299     19.2G   0.03136  0.004709         0   0.03607        16      1280    0.5202    0.3889    0.3345     0.077   0.03473  0.008235         0
   132/299     19.2G   0.02453   0.00513         0   0.02966        14      1280    0.5098    0.3704     0.294   0.07325   0.03472  0.008228         0
   133/299     19.2G   0.02737  0.004213         0   0.03158         4      1280    0.5098    0.3704     0.294   0.07325   0.03472  0.008228         0
   134/299     19.2G    0.0255  0.004606         0    0.0301         8      1280    0.5259    0.3698    0.2962   0.07408   0.03471  0.008222         0
   135/299     19.2G   0.03096  0.003633         0   0.03459         6      1280    0.5259    0.3698    0.2962   0.07408   0.03471  0.008222         0
   136/299     19.2G   0.02937  0.005344         0   0.03471        45      1280    0.5263    0.3704    0.2964   0.07409   0.03469  0.008218         0
   137/299     19.2G   0.02149   0.00408         0   0.02557         6      1280    0.5263    0.3704    0.2964   0.07409   0.03469  0.008218         0
   138/299     19.2G   0.02751   0.00591         0   0.03342        11      1280    0.5253    0.3704    0.2971    0.0748   0.03467  0.008213         0
   139/299     19.2G   0.02314  0.004149         0   0.02729         5      1280    0.5253    0.3704    0.2971    0.0748   0.03467  0.008213         0
   140/299     19.2G   0.02573  0.005427         0   0.03116        22      1280    0.5513    0.3889    0.3383   0.07649   0.03465  0.008208         0
   141/299     19.2G   0.02992  0.004086         0     0.034        22      1280    0.5513    0.3889    0.3383   0.07649   0.03465  0.008208         0
   142/299     19.2G   0.02946  0.005617         0   0.03507         3      1280    0.5524    0.3886    0.3405   0.08082   0.03463  0.008203         0
   143/299     19.2G   0.02966  0.004634         0   0.03429        22      1280    0.5524    0.3886    0.3405   0.08082   0.03463  0.008203         0
   144/299     19.2G   0.02887   0.00378         0   0.03265        14      1280    0.5368    0.3889    0.3417   0.08279   0.03461  0.008199         0
   145/299     19.2G   0.02542  0.005421         0   0.03084         7      1280    0.5368    0.3889    0.3417   0.08279   0.03461  0.008199         0
   146/299     19.2G   0.02475   0.00473         0   0.02948         5      1280    0.5377    0.3889    0.3385   0.08265   0.03459  0.008194         0
   147/299     19.2G   0.02224  0.005547         0   0.02779        23      1280    0.5377    0.3889    0.3385   0.08265   0.03459  0.008194         0
   148/299     19.2G   0.02265  0.005314         0   0.02796         7      1280    0.5245    0.3889    0.3394   0.08247   0.03457  0.008192         0
   149/299     19.2G   0.02562  0.003715         0   0.02933         1      1280    0.5245    0.3889    0.3394   0.08247   0.03457  0.008192         0
   150/299     19.2G   0.02638  0.005923         0    0.0323         6      1280    0.5118    0.3889     0.336    0.0823   0.03455  0.008189         0
   151/299     19.2G   0.02489  0.005181         0   0.03007         8      1280    0.5118    0.3889     0.336    0.0823   0.03455  0.008189         0
   152/299     19.2G    0.0263   0.00443         0   0.03073        15      1280    0.5121    0.3889    0.3351   0.08216   0.03454  0.008185         0
   153/299     19.2G   0.02238  0.004413         0   0.02679         8      1280    0.5121    0.3889    0.3351   0.08216   0.03454  0.008185         0
   154/299     19.2G   0.02521  0.005414         0   0.03062        11      1280    0.5116    0.3889    0.3355   0.08256   0.03452  0.008182         0
   155/299     19.2G   0.02208  0.003421         0   0.02551        12      1280    0.5116    0.3889    0.3355   0.08256   0.03452  0.008182         0
   156/299     19.2G   0.02975  0.004974         0   0.03472         7      1280    0.5114    0.3876    0.3359   0.07993   0.03451  0.008178         0
   157/299     19.2G   0.02693  0.004479         0   0.03141        36      1280    0.5114    0.3876    0.3359   0.07993   0.03451  0.008178         0
   158/299     19.2G   0.03129  0.004399         0   0.03569        10      1280    0.4998    0.3889    0.3354    0.0798   0.03449  0.008176         0
   159/299     19.2G   0.02491  0.003925         0   0.02883        14      1280    0.4998    0.3889    0.3354    0.0798   0.03449  0.008176         0
   160/299     19.2G   0.02434  0.004275         0   0.02861        16      1280    0.4994    0.3889    0.3358   0.07989   0.03448  0.008172         0
   161/299     19.2G   0.02707  0.003722         0   0.03079         4      1280    0.4994    0.3889    0.3358   0.07989   0.03448  0.008172         0
   162/299     19.2G   0.02769  0.004423         0   0.03211         2      1280    0.4994    0.3889    0.3376    0.0803   0.03447  0.008168         0
   163/299     19.2G   0.01801  0.003227         0   0.02123         2      1280    0.4994    0.3889    0.3376    0.0803   0.03447  0.008168         0
   164/299     19.2G   0.02881  0.004588         0    0.0334        11      1280     0.499    0.3889    0.3376   0.08025   0.03445  0.008166         0
   165/299     19.2G   0.02762  0.004608         0   0.03223         9      1280     0.499    0.3889    0.3376   0.08025   0.03445  0.008166         0
   166/299     19.2G   0.02473  0.006282         0   0.03101        26      1280    0.4996    0.3883     0.338   0.08042   0.03444  0.008162         0
   167/299     19.2G   0.02821  0.005768         0   0.03398        16      1280    0.4996    0.3883     0.338   0.08042   0.03444  0.008162         0
   168/299     19.2G   0.02749  0.004704         0   0.03219        11      1280    0.4876    0.3889    0.3383    0.0805   0.03442  0.008157         0
   169/299     19.2G   0.02551   0.00493         0   0.03044         4      1280    0.4876    0.3889    0.3383    0.0805   0.03442  0.008157         0
   170/299     19.2G   0.02641  0.004898         0   0.03131        12      1280    0.4883    0.3887    0.3398   0.07909   0.03441  0.008152         0
   171/299     19.2G   0.02628  0.003743         0   0.03002         2      1280    0.4883    0.3887    0.3398   0.07909   0.03441  0.008152         0
   172/299     19.2G     0.024  0.004698         0    0.0287        11      1280    0.4767    0.3889    0.3415   0.08138   0.03439  0.008148         0
   173/299     19.2G   0.02339  0.004224         0   0.02762        14      1280    0.4767    0.3889    0.3415   0.08138   0.03439  0.008148         0
   174/299     19.2G   0.02292  0.004119         0   0.02704         6      1280    0.4666    0.3889    0.3434   0.08194   0.03438  0.008142         0
   175/299     19.2G   0.02226  0.004311         0   0.02657         0      1280    0.4666    0.3889    0.3434   0.08194   0.03438  0.008142         0
   176/299     19.2G   0.02705  0.005152         0    0.0322         3      1280    0.4666    0.3889    0.3442   0.08185   0.03437  0.008138         0
   177/299     19.2G    0.0244  0.004416         0   0.02881         4      1280    0.4666    0.3889    0.3442   0.08185   0.03437  0.008138         0
   178/299     19.2G    0.0249  0.004936         0   0.02984         2      1280    0.5995    0.3333    0.3467   0.08035   0.03436  0.008133         0
   179/299     19.2G   0.02791  0.005159         0   0.03307        10      1280    0.5995    0.3333    0.3467   0.08035   0.03436  0.008133         0
   180/299     19.2G   0.02554  0.004523         0   0.03006        10      1280    0.5983    0.3333    0.3402   0.07976   0.03435  0.008129         0
   181/299     19.2G   0.02349  0.004135         0   0.02763        13      1280    0.5983    0.3333    0.3402   0.07976   0.03435  0.008129         0
   182/299     19.2G   0.02215  0.005236         0   0.02739        10      1280    0.5994    0.3333    0.3471   0.08262   0.03433  0.008123         0
   183/299     19.2G   0.02532  0.004987         0   0.03031         9      1280    0.5994    0.3333    0.3471   0.08262   0.03433  0.008123         0
   184/299     19.2G   0.02156  0.004473         0   0.02604        14      1280    0.5982    0.3333    0.3403   0.08415   0.03431  0.008119         0
   185/299     19.2G   0.02616  0.006023         0   0.03218        20      1280    0.5982    0.3333    0.3403   0.08415   0.03431  0.008119         0
   186/299     19.2G   0.02319  0.004591         0   0.02779        11      1280    0.5988    0.3333    0.3408   0.08449    0.0343  0.008115         0
   187/299     19.2G   0.02253  0.003881         0   0.02641         7      1280    0.5988    0.3333    0.3408   0.08449    0.0343  0.008115         0
   188/299     19.2G   0.02921  0.004825         0   0.03404         7      1280       0.6    0.3333    0.3396   0.08357   0.03428  0.008109         0
   189/299     19.2G   0.02367  0.004483         0   0.02816         5      1280       0.6    0.3333    0.3396   0.08357   0.03428  0.008109         0
   190/299     19.2G    0.0223  0.003634         0   0.02593         7      1280    0.5998     0.333    0.3406   0.08408   0.03427  0.008105         0
   191/299     19.2G   0.02355  0.004177         0   0.02772         8      1280    0.5998     0.333    0.3406   0.08408   0.03427  0.008105         0
   192/299     19.2G   0.02039  0.003711         0    0.0241        11      1280    0.5981    0.3333    0.3418   0.08439   0.03425    0.0081         0
   193/299     19.2G   0.02933  0.004259         0   0.03359        10      1280    0.5981    0.3333    0.3418   0.08439   0.03425    0.0081         0
   194/299     19.2G   0.02639  0.004801         0   0.03119        14      1280    0.5993    0.3333    0.3428   0.08335   0.03423  0.008097         0
   195/299     19.2G   0.02867  0.004947         0   0.03362         6      1280    0.5993    0.3333    0.3428   0.08335   0.03423  0.008097         0
   196/299     19.2G   0.02211  0.004698         0   0.02681         4      1280    0.5995    0.3333    0.3454   0.08402   0.03422  0.008092         0
   197/299     19.2G   0.02507  0.004111         0   0.02918        18      1280    0.5995    0.3333    0.3454   0.08402   0.03422  0.008092         0
   198/299     19.2G   0.02526  0.004961         0   0.03022        20      1280    0.6206    0.3332    0.3488   0.08446   0.03421  0.008088         0
   199/299     19.2G   0.02342  0.004284         0    0.0277        18      1280    0.6206    0.3332    0.3488   0.08446   0.03421  0.008088         0
   200/299     19.2G   0.02402  0.005248         0   0.02927        10      1280    0.6205     0.333    0.3481   0.08433   0.03419  0.008086         0
   201/299     19.2G   0.02764  0.003898         0   0.03154         8      1280    0.6205     0.333    0.3481   0.08433   0.03419  0.008086         0
   202/299     19.2G   0.02625  0.004745         0   0.03099        15      1280    0.6191    0.3333    0.3485   0.08446   0.03418  0.008084         0
   203/299     19.2G   0.02252  0.003106         0   0.02563         4      1280    0.6191    0.3333    0.3485   0.08446   0.03418  0.008084         0
   204/299     19.2G   0.02942  0.004436         0   0.03385         8      1280    0.6197    0.3333    0.3495   0.08633   0.03417   0.00808         0
   205/299     19.2G   0.01647  0.003923         0    0.0204        19      1280    0.6197    0.3333    0.3495   0.08633   0.03417   0.00808         0
   206/299     19.2G   0.01915  0.002999         0   0.02215         2      1280      0.62    0.3333    0.3488   0.08617   0.03415  0.008077         0
   207/299     19.2G   0.02061  0.003979         0   0.02458         6      1280      0.62    0.3333    0.3488   0.08617   0.03415  0.008077         0
   208/299     19.2G    0.0204  0.002896         0    0.0233         7      1280    0.5994    0.3333    0.3489    0.0866   0.03414  0.008076         0
   209/299     19.2G   0.01951  0.004498         0   0.02401        37      1280    0.5994    0.3333    0.3489    0.0866   0.03414  0.008076         0
   210/299     19.2G   0.02518  0.003501         0   0.02868         8      1280    0.5995    0.3333    0.3498   0.08695   0.03413  0.008075         0
   211/299     19.2G   0.01901  0.004309         0   0.02332        14      1280    0.5995    0.3333    0.3498   0.08695   0.03413  0.008075         0
   212/299     19.2G   0.02547  0.003556         0   0.02903         3      1280    0.5996    0.3333    0.3519   0.08833   0.03412  0.008072         0
   213/299     19.2G   0.02511  0.005298         0   0.03041        13      1280    0.5996    0.3333    0.3519   0.08833   0.03412  0.008072         0
   214/299     19.2G   0.02443  0.003602         0   0.02803         7      1280    0.6189    0.3333     0.348   0.08761   0.03411   0.00807         0
   215/299     19.2G    0.0318  0.003788         0   0.03559        20      1280    0.6189    0.3333     0.348   0.08761   0.03411   0.00807         0
   216/299     19.2G   0.02201  0.004093         0    0.0261        19      1280    0.6204    0.3333    0.3491   0.08987   0.03411  0.008067         0
   217/299     19.2G   0.02261  0.004193         0   0.02681        22      1280    0.6204    0.3333    0.3491   0.08987   0.03411  0.008067         0
   218/299     19.2G   0.01979  0.003782         0   0.02358        10      1280    0.6202    0.3333    0.3496   0.08997    0.0341  0.008064         0
   219/299     19.2G    0.0238   0.00514         0   0.02894         2      1280    0.6202    0.3333    0.3496   0.08997    0.0341  0.008064         0
   220/299     19.2G   0.02348  0.004953         0   0.02843        10      1280    0.6204    0.3333    0.3504   0.09021    0.0341  0.008062         0
   221/299     19.2G   0.02346  0.003314         0   0.02677         2      1280    0.6204    0.3333    0.3504   0.09021    0.0341  0.008062         0
   222/299     19.2G    0.0207  0.005084         0   0.02579         4      1280    0.4678    0.4069    0.3515    0.0913    0.0341  0.008061         0
   223/299     19.2G   0.02469  0.004437         0   0.02913         7      1280    0.4678    0.4069    0.3515    0.0913    0.0341  0.008061         0
   224/299     19.2G   0.02241  0.004439         0   0.02684         4      1280    0.6193    0.3333    0.3508   0.09035   0.03409  0.008059         0
   225/299     19.2G   0.02144  0.004332         0   0.02578        21      1280    0.6193    0.3333    0.3508   0.09035   0.03409  0.008059         0
   226/299     19.2G   0.02515  0.005748         0    0.0309         6      1280    0.4678    0.4074    0.3521   0.09073   0.03409  0.008061         0
   227/299     19.2G   0.02153  0.004042         0   0.02557        15      1280    0.4678    0.4074    0.3521   0.09073   0.03409  0.008061         0
   228/299     19.2G   0.02547   0.00402         0   0.02949         3      1280    0.6423    0.3326    0.3491   0.08981   0.03409  0.008057         0
   229/299     19.2G    0.0211  0.004851         0   0.02595        16      1280    0.6423    0.3326    0.3491   0.08981   0.03409  0.008057         0
   230/299     19.2G   0.01948  0.004288         0   0.02377        11      1280    0.6164    0.3333    0.3496   0.09039   0.03409  0.008057         0
   231/299     19.2G   0.02523  0.004716         0   0.02995        11      1280    0.6164    0.3333    0.3496   0.09039   0.03409  0.008057         0
   232/299     19.2G   0.02288    0.0044         0   0.02728         8      1280     0.468    0.4074    0.3514   0.08921   0.03409  0.008055         0
   233/299     19.2G   0.02379  0.004607         0   0.02839         4      1280     0.468    0.4074    0.3514   0.08921   0.03409  0.008055         0
   234/299     19.2G   0.02786  0.004286         0   0.03214         9      1280     0.619    0.3333    0.3502   0.08898   0.03408  0.008055         0
   235/299     19.2G    0.0223  0.002825         0   0.02513        10      1280     0.619    0.3333    0.3502   0.08898   0.03408  0.008055         0
   236/299     19.2G   0.02401   0.00556         0   0.02957         2      1280    0.7081    0.3144    0.3506   0.08912   0.03409  0.008052         0
   237/299     19.2G   0.02188  0.003244         0   0.02512        13      1280    0.7081    0.3144    0.3506   0.08912   0.03409  0.008052         0
   238/299     19.2G   0.02043   0.00571         0   0.02614        10      1280    0.6195    0.3333      0.35    0.0882   0.03409  0.008052         0
   239/299     19.2G    0.0212  0.003645         0   0.02484        24      1280    0.6195    0.3333      0.35    0.0882   0.03409  0.008052         0
   240/299     19.2G   0.02042  0.003967         0   0.02438         2      1280    0.7081    0.3144    0.3497   0.08818   0.03409   0.00805         0
   241/299     19.2G   0.02471  0.004516         0   0.02923        10      1280    0.7081    0.3144    0.3497   0.08818   0.03409   0.00805         0
   242/299     19.2G   0.01936  0.004413         0   0.02377        18      1280    0.7081    0.3145    0.3498   0.08639   0.03409   0.00805         0
   243/299     19.2G   0.02247   0.00435         0   0.02682        16      1280    0.7081    0.3145    0.3498   0.08639   0.03409   0.00805         0
   244/299     19.2G   0.02451  0.003763         0   0.02827        28      1280    0.7081    0.3144    0.3496   0.08636   0.03409  0.008049         0
   245/299     19.2G   0.02211  0.004043         0   0.02615        16      1280    0.7081    0.3144    0.3496   0.08636   0.03409  0.008049         0
   246/299     19.2G   0.02051  0.003775         0   0.02428         4      1280    0.7082    0.3146    0.3498   0.08779   0.03409  0.008049         0
   247/299     19.2G   0.01914  0.003519         0   0.02266         6      1280    0.7082    0.3146    0.3498   0.08779   0.03409  0.008049         0
   248/299     19.2G   0.02324  0.005535         0   0.02878        30      1280    0.7081    0.3145    0.3501   0.08787   0.03409  0.008048         0
   249/299     19.2G   0.02604  0.005131         0   0.03117         3      1280    0.7081    0.3145    0.3501   0.08787   0.03409  0.008048         0
   250/299     19.2G   0.02142  0.004584         0     0.026         9      1280     0.708    0.3144    0.3498   0.08778    0.0341  0.008047         0
   251/299     19.2G   0.01969   0.00428         0   0.02397        11      1280     0.708    0.3144    0.3498   0.08778    0.0341  0.008047         0
   252/299     19.2G   0.02441  0.004461         0   0.02887         2      1280    0.7082    0.3147    0.3502   0.08854    0.0341  0.008047         0
   253/299     19.2G    0.0215  0.003976         0   0.02547         9      1280    0.7082    0.3147    0.3502   0.08854    0.0341  0.008047         0
   254/299     19.2G   0.01944  0.003592         0   0.02304        14      1280    0.7081    0.3145    0.3507    0.0885    0.0341  0.008045         0
   255/299     19.2G   0.02261  0.004368         0   0.02698         3      1280    0.7081    0.3145    0.3507    0.0885    0.0341  0.008045         0
   256/299     19.2G   0.02278   0.00365         0   0.02643         8      1280    0.7079    0.3148    0.3477   0.08812   0.03411  0.008046         0
   257/299     19.2G   0.02554   0.00512         0   0.03066        16      1280    0.7079    0.3148    0.3477   0.08812   0.03411  0.008046         0
   258/299     19.2G   0.02055  0.003348         0    0.0239        15      1280    0.7079    0.3148    0.3478   0.08767   0.03411  0.008045         0
   259/299     19.2G   0.02421  0.004611         0   0.02882         6      1280    0.7079    0.3148    0.3478   0.08767   0.03411  0.008045         0
   260/299     19.2G   0.01898  0.003826         0   0.02281        13      1280    0.7384    0.3136    0.3507   0.08836   0.03411  0.008045         0
   261/299     19.2G   0.02153  0.004539         0   0.02607         1      1280    0.7384    0.3136    0.3507   0.08836   0.03411  0.008045         0
   262/299     19.2G   0.02177  0.003537         0    0.0253         8      1280    0.7374    0.3148    0.3497   0.08803   0.03412  0.008045         0
   263/299     19.2G    0.0225  0.005199         0    0.0277         4      1280    0.7374    0.3148    0.3497   0.08803   0.03412  0.008045         0
   264/299     19.2G   0.02228  0.005365         0   0.02765        25      1280    0.7375    0.3148    0.3481   0.08763   0.03412  0.008044         0
   265/299     19.2G   0.02033  0.004588         0   0.02492         4      1280    0.7375    0.3148    0.3481   0.08763   0.03412  0.008044         0
   266/299     19.2G   0.02629  0.004048         0   0.03034         4      1280    0.7382    0.3148    0.3481   0.08786   0.03412  0.008045         0
   267/299     19.2G    0.0217  0.005147         0   0.02685        17      1280    0.7382    0.3148    0.3481   0.08786   0.03412  0.008045         0
   268/299     19.2G   0.02232   0.00552         0   0.02784         1      1280    0.7377    0.3148    0.3502   0.08857   0.03413  0.008043         0
   269/299     19.2G   0.02376  0.004725         0   0.02849         1      1280    0.7377    0.3148    0.3502   0.08857   0.03413  0.008043         0
   270/299     19.2G   0.02024  0.004435         0   0.02467         3      1280    0.7373    0.3148    0.3501   0.08959   0.03413  0.008043         0
   271/299     19.2G   0.02378  0.005549         0   0.02933         7      1280    0.7373    0.3148    0.3501   0.08959   0.03413  0.008043         0
   272/299     19.2G   0.02365  0.003777         0   0.02743        23      1280    0.7363    0.3148    0.3519   0.09007   0.03414  0.008043         0
   273/299     19.2G    0.0214  0.003885         0   0.02529        19      1280    0.7363    0.3148    0.3519   0.09007   0.03414  0.008043         0
   274/299     19.2G   0.02711  0.004381         0   0.03149         6      1280    0.7376    0.3124    0.3531   0.09071   0.03414  0.008043         0
   275/299     19.2G   0.02504  0.004816         0   0.02985         2      1280    0.7376    0.3124    0.3531   0.09071   0.03414  0.008043         0
   276/299     19.2G   0.02108  0.003538         0   0.02462         2      1280     0.708    0.3148     0.351    0.0902   0.03414  0.008043         0
   277/299     19.2G   0.02263  0.003931         0   0.02656         7      1280     0.708    0.3148     0.351    0.0902   0.03414  0.008043         0
   278/299     19.2G    0.0216  0.005303         0    0.0269         2      1280    0.7078    0.3148     0.351   0.09045   0.03415  0.008042         0
   279/299     19.2G   0.02406  0.004632         0   0.02869         4      1280    0.7078    0.3148     0.351   0.09045   0.03415  0.008042         0
   280/299     19.2G   0.02322  0.004547         0   0.02777         7      1280    0.7082    0.3148    0.3512   0.09054   0.03415  0.008042         0
   281/299     19.2G   0.02212   0.00342         0   0.02554        12      1280    0.7082    0.3148    0.3512   0.09054   0.03415  0.008042         0
   282/299     19.2G   0.02506   0.00478         0   0.02984         3      1280    0.7082    0.3148    0.3514   0.09065   0.03415  0.008042         0
   283/299     19.2G   0.02432  0.003852         0   0.02817         4      1280    0.7082    0.3148    0.3514   0.09065   0.03415  0.008042         0
   284/299     19.2G   0.02117  0.003529         0    0.0247        11      1280    0.7082    0.3146    0.3513   0.09064   0.03415  0.008042         0
   285/299     19.2G   0.02093  0.004506         0   0.02543         3      1280    0.7082    0.3146    0.3513   0.09064   0.03415  0.008042         0
   286/299     19.2G   0.01758  0.004317         0    0.0219         4      1280       0.5    0.3519    0.3163   0.08705   0.03415  0.008041         0
   287/299     19.2G   0.02106  0.005309         0   0.02637         4      1280       0.5    0.3519    0.3163   0.08705   0.03415  0.008041         0
   288/299     19.2G   0.01892  0.003824         0   0.02274        18      1280    0.4997    0.3519    0.3165   0.08713   0.03415  0.008041         0
   289/299     19.2G   0.01823  0.003367         0    0.0216         1      1280    0.4997    0.3519    0.3165   0.08713   0.03415  0.008041         0
   290/299     19.2G   0.02118  0.004222         0    0.0254        28      1280    0.6796    0.3143    0.3494   0.09014   0.03416  0.008041         0
   291/299     19.2G   0.03069  0.003601         0   0.03429        12      1280    0.6796    0.3143    0.3494   0.09014   0.03416  0.008041         0
   292/299     19.2G     0.023   0.00446         0   0.02746         6      1280    0.5125    0.3698    0.3482   0.08978   0.03416  0.008041         0
   293/299     19.2G   0.02317  0.003603         0   0.02677        12      1280    0.5125    0.3698    0.3482   0.08978   0.03416  0.008041         0
   294/299     19.2G   0.02412  0.004744         0   0.02886        13      1280    0.4855    0.3519     0.314    0.0864   0.03416  0.008042         0
   295/299     19.2G   0.01997   0.00383         0    0.0238         3      1280    0.4855    0.3519     0.314    0.0864   0.03416  0.008042         0
   296/299     19.2G   0.02132  0.004354         0   0.02568         2      1280    0.4868    0.3513    0.3138   0.08634   0.03416  0.008042         0
   297/299     19.2G   0.02421  0.005282         0   0.02949        10      1280    0.4868    0.3513    0.3138   0.08634   0.03416  0.008042         0
   298/299     19.2G   0.02192  0.002964         0   0.02488         4      1280    0.4999    0.3702    0.3487   0.08988   0.03416  0.008042         0
   299/299     19.2G   0.01996  0.004095         0   0.02406        22      1280    0.4999    0.3702    0.3487   0.08988   0.03416  0.008042         0
